name: "vga_bc"
grasp_pose_abs: [0.44532288, 0.05251785, 0.05586839]
pick_up_pose: [0.3500231,  0.02719247, 0.07864657]